11	294727	37564954	11p15.5-p12
12	132401575	133779285	12q24.33
13	22801475	114526503	13q12.11-q34
14	22051519	105643336	14q11.2-q32.33
15	47706739	102073917	15q21.1-q26.3
16	135603	14034499	16p13.3-p13.12
16	86836515	89818580	16q24.1-q24.3
22	26168558	51064489	22q2.1-q13.33
1	981852	96511272	1p36.33-p21.3
1	147216860	248512990	1q21.2-q44
4	85612737	190763337	4q21.23-q35.2
6	246178	20562618	6p25.3-p22.3
9	433347	7344034	9p24.3-p24.1
9	74779404	140777105	9q21.3-q34.3
11	68877162	134770250	11q13.3-q25
17	45897585	80990787	17q21.32-q25.3
