SAMPLE	SEX	CHROM	BEG_GRCh37	END_GRCh37	LENGTH	P_ARM	Q_ARM	NSITES	NHETS	N50_HETS	BDEV	BDEV_SE	REL_COV	REL_COV_SE	LOD_LRR_BAF	LOD_BAF_PHASE	NFLIPS	BAF_CONC	LOD_BAF_CONC	TYPE	CF
TCGA-FD-A43S-10A-01D-A23T-01.CEL	F	1	207390204	249250621	41860417	N	T	12810	3335	7594	0.0150	0.0011	2.0045	0.0069	0.92	19.48	12	0.5314	2.44	CNN-LOH	0.0300
TCGA-BH-A0W5-10A-01D-A107-01.CEL	F	1	0	120354019	120354019	T	N	29783	7629	9431	0.0134	0.0006	1.9981	0.0048	4.69	75.09	21	0.5359	7.49	CNN-LOH	0.0269
TCGA-EW-A1P7-10A-01D-A141-01.CEL	F	1	5145066	120252852	115107786	Y	N	28830	7808	9330	0.0190	0.0007	1.9961	0.0061	8.21	59.75	53	0.5390	9.57	CNN-LOH	0.0379
TCGA-CR-7374-10A-01D-2011-01.CEL	F	1	0	22622513	22622513	T	N	5209	1386	10065	0.0248	0.0019	1.9501	0.0114	6.29	38.54	4	0.5418	2.28	Undetermined	0.0991
TCGA-75-5147-10A-01D-1624-01.CEL	F	1	151814405	249250621	97436216	N	T	27871	7487	8050	0.0259	0.0007	2.0978	0.0059	53.95	318.11	29	0.5863	47.15	Duplication	0.1093
TCGA-86-A456-10A-01D-A24E-01.CEL	F	1	145535921	249250621	103714700	N	T	28448	7327	8443	0.0305	0.0008	2.0052	0.0054	15.15	208.58	75	0.5809	42.11	CNN-LOH	0.0609
TCGA-HZ-8638-10A-01D-2392-01.CEL	F	1	145540055	249250621	103710566	N	T	28447	7509	8444	0.0279	0.0006	1.9895	0.0040	62.25	477.19	45	0.6058	71.65	CNN-LOH	0.0559
TCGA-FC-A5OB-10A-01D-A323-01.CEL	M	1	0	106123365	106123365	T	N	25818	7175	9573	0.0121	0.0005	2.0017	0.0038	2.20	62.49	24	0.5288	4.33	CNN-LOH	0.0242
TCGA-DX-AB30-10A-01D-A38Y-01.CEL	F	1	0	87301161	87301161	T	N	21300	5762	9518	0.0455	0.0009	1.9969	0.0060	251.80	1037.33	36	0.7273	260.27	CNN-LOH	0.0910
TCGA-FS-A1ZU-10A-01D-A195-01.CEL	F	1	16273995	120209564	103935569	Y	N	26251	6584	9235	0.0172	0.0006	2.0587	0.0049	21.68	127.97	20	0.5413	8.49	Duplication	0.0713
TCGA-AX-A1CR-10A-01D-A134-01.CEL	F	1	0	118883973	118883973	T	N	29371	7426	9446	0.0172	0.0006	1.9385	0.0046	10.08	92.85	46	0.5446	11.24	Deletion	0.0666
TCGA-EY-A1G8-10A-01D-A13N-01.CEL	F	1	119933252	144879981	24946729	Y	Y	209	12	23574547	0.1613	nan	1.0278	0.0259	60.46	28.93	-1	0.5000	0.00	Deletion	0.4877
TCGA-A4-7584-10A-01D-2135-01.CEL	M	2	0	79403832	79403832	T	N	23398	6703	8039	0.0531	0.0009	2.4549	0.0063	757.99	1402.56	41	0.7503	378.40	Duplication	0.2377
TCGA-N8-A4PM-10A-01D-A28T-01.CEL	F	2	0	70677994	70677994	T	N	21277	5547	7861	0.0392	0.0010	2.0393	0.0093	51.34	362.56	33	0.6225	69.65	CNN-LOH	0.0783
TCGA-CU-A72E-10A-01D-A338-01.CEL	M	3	0	60073356	60073356	T	N	17528	4761	8177	0.0107	0.0008	2.0137	0.0066	0.27	19.64	13	0.5295	3.53	CNN-LOH	0.0215
TCGA-B6-A0IP-10A-01D-A037-01.CEL	F	3	0	198022430	198022430	T	T	49965	13079	9270	0.0212	0.0005	2.1352	0.0045	79.67	345.34	76	0.5602	37.45	Duplication	0.0886
TCGA-44-7670-10A-01D-2062-01.CEL	F	3	126918819	198022430	71103611	N	T	16499	4719	9864	0.0127	0.0009	2.0850	0.0063	8.84	28.14	12	0.5162	0.62	Duplication	0.0522
TCGA-25-1877-10A-01D-0648-01.CEL	M	3	0	198022430	198022430	T	T	49965	9037	9270	0.1923	0.0022	2.0642	0.0051	17629.04	20512.22	209	0.9694	2146.37	CNN-LOH	0.3846
TCGA-IB-A5SP-10A-01D-A32M-01.CEL	M	3	0	198022430	198022430	T	T	49965	13167	9270	0.0283	0.0006	2.0145	0.0043	22.37	306.26	102	0.5709	52.27	CNN-LOH	0.0566
TCGA-DY-A1H8-10A-01D-A151-01.CEL	F	3	0	198022430	198022430	T	T	49965	13695	9270	0.0290	0.0005	2.2073	0.0040	271.71	957.33	47	0.6104	140.50	Duplication	0.1231
TCGA-CD-5803-10A-01D-1599-01.CEL	F	3	159956559	198022430	38065871	N	T	8721	2344	9946	0.0337	0.0012	1.9990	0.0068	40.52	179.08	37	0.6495	43.96	CNN-LOH	0.0674
TCGA-06-2559-10A-01D-0784-01.CEL	M	4	74350816	191154276	116803460	N	T	27763	7643	9613	0.1095	0.0014	2.0405	0.0054	4838.23	6836.91	177	0.9381	1490.70	CNN-LOH	0.2190
TCGA-2Y-A9H7-10A-01D-A38W-01.CEL	F	4	0	191154276	191154276	T	T	46064	12450	9596	0.0172	0.0005	2.0855	0.0050	30.41	204.02	66	0.5490	22.54	Duplication	0.0715
TCGA-13-0804-10A-01D-0356-01.CEL	F	4	57938289	182482973	124544684	N	Y	28995	7357	9834	0.0173	0.0007	2.1113	0.0062	3.88	85.73	30	0.5357	6.68	Duplication	0.0716
TCGA-D9-A6E9-10A-01D-A30W-01.CEL	F	4	105753265	106715148	961883	N	Y	200	24	9266	0.1560	nan	1.2196	0.0365	46.20	45.50	-1	1.0000	6.91	Deletion	0.4757
TCGA-EB-A5VV-10A-01D-A32M-01.CEL	F	4	101714921	191154276	89439355	N	T	21153	5795	9520	0.0136	0.0007	1.9710	0.0050	6.68	54.27	22	0.5256	2.55	Undetermined	0.0544
TCGA-EE-A29D-10A-01D-A193-01.CEL	M	4	56275230	191154276	134879046	N	T	31900	8303	9678	0.1049	0.0013	2.0171	0.0046	5847.41	8245.13	62	0.9529	1789.83	CNN-LOH	0.2098
TCGA-CG-4306-10A-01D-1155-01.CEL	M	4	54574365	191154276	136579911	N	T	32399	8207	9652	0.0141	0.0006	2.0234	0.0048	16.41	96.70	20	0.5434	11.79	CNN-LOH	0.0281
TCGA-CG-5717-10A-01D-1599-01.CEL	M	4	167799899	191154276	23354377	N	T	6445	1803	8115	0.0720	0.0020	1.5823	0.0064	679.47	962.15	20	0.8939	277.21	Deletion	0.2518
TCGA-VQ-A923-10A-01D-A412-01.CEL	M	4	82643924	191154276	108510352	N	T	25531	6998	9659	0.0073	0.0006	1.9957	0.0050	1.87	17.24	11	0.5263	3.27	CNN-LOH	0.0146
TCGA-EY-A1G8-10A-01D-A13N-01.CEL	F	4	105836914	106382735	545821	N	Y	109	11	10080	0.1633	nan	1.0404	0.0315	44.81	37.06	-1	1.0000	2.99	Deletion	0.4925
TCGA-V4-A9EZ-10A-01D-A39Y-01.CEL	F	4	77504400	191154276	113649876	N	T	26913	6443	9626	0.0544	0.0009	2.0059	0.0049	320.32	1293.90	61	0.7818	456.43	CNN-LOH	0.1088
TCGA-5L-AAT1-10A-01D-A41E-01.CEL	F	5	55349691	61674012	6324321	N	Y	1791	51	7800	0.1561	nan	0.9235	0.0077	366.87	147.08	-1	0.8367	5.28	Deletion	0.4760
TCGA-2Z-A9J6-10A-01D-A384-01.CEL	M	5	153238323	156989120	3750797	N	Y	1092	13	7753	0.1627	nan	1.6422	0.0293	36.04	29.51	-1	0.8333	1.24	Deletion	0.4910
TCGA-2Z-A9J6-10A-01D-A384-01.CEL	M	5	105272932	152802553	47529621	N	Y	12707	3728	8507	0.0217	0.0009	1.7060	0.0086	30.71	91.18	30	0.5750	15.89	Deletion	0.0830
TCGA-DU-5874-10A-01D-1704-01.CEL	F	5	138305502	180915260	42609758	N	T	12167	3164	7891	0.0405	0.0011	2.0055	0.0071	130.32	469.25	19	0.7171	126.49	CNN-LOH	0.0810
TCGA-25-2401-10A-01D-0704-01.CEL	F	5	83341534	157826122	74484588	N	Y	18425	4992	9209	0.0257	0.0008	1.9003	0.0060	27.89	245.83	21	0.5950	37.38	Deletion	0.0980
TCGA-BT-A20U-11A-11D-A14V-01.CEL	F	6	0	38692437	38692437	T	N	12462	3367	7156	0.1309	0.0024	2.0158	0.0072	3948.55	5037.05	25	0.9722	817.61	CNN-LOH	0.2618
TCGA-AG-3894-10A-01D-1428-01.CEL	M	6	136866247	171115067	34248820	N	T	10177	2987	7571	0.0097	0.0009	2.0155	0.0078	0.90	15.48	6	0.5099	0.05	CNN-LOH	0.0193
TCGA-HB-A43Z-10A-01D-A24M-01.CEL	F	6	65603162	83461482	17858320	N	Y	4442	1150	9100	0.0364	0.0027	1.1809	0.0123	107.34	25.04	23	0.5580	2.32	Deletion	0.1357
TCGA-D8-A146-10A-01D-A113-01.CEL	F	7	111789767	159138663	47348896	N	T	11152	2858	9670	0.0133	0.0011	1.9904	0.0091	0.16	19.86	6	0.5155	0.40	CNN-LOH	0.0265
TCGA-A6-5666-10A-01D-1649-01.CEL	M	7	96081911	129033741	32951830	N	Y	6758	1827	10679	0.0442	0.0017	1.7423	0.0081	100.92	251.43	7	0.6774	48.45	Deletion	0.1626
TCGA-CV-6933-10A-01D-1910-01.CEL	M	7	150637834	159138663	8500829	N	T	2343	632	8777	0.0485	0.0029	1.9887	0.0219	27.06	88.01	10	0.6773	17.48	CNN-LOH	0.0971
TCGA-62-A46Y-10A-01D-A24E-01.CEL	F	7	147321738	153962574	6640836	N	Y	1592	479	10257	0.0308	0.0028	1.8461	0.0184	4.53	22.39	5	0.6115	5.01	Deletion	0.1159
TCGA-91-6840-10A-01D-1944-01.CEL	F	7	107988131	110942874	2954743	N	Y	706	236	9151	0.0673	0.0057	2.4263	0.0337	69.45	95.86	2	0.8283	23.58	Duplication	0.3112
TCGA-91-6840-10A-01D-1944-01.CEL	F	7	111022481	159138663	48116182	N	T	11326	3471	9670	0.0238	0.0009	1.8412	0.0065	36.20	130.27	26	0.5746	16.03	Deletion	0.0908
TCGA-94-7943-10A-01D-2183-01.CEL	M	7	70068614	159138663	89070049	N	T	20039	5158	10243	0.0094	0.0006	2.0044	0.0044	0.15	27.71	12	0.5199	1.38	CNN-LOH	0.0188
TCGA-ER-A42L-10A-01D-A24Q-01.CEL	M	7	61846655	159138663	97292008	N	T	21271	5824	10575	0.0520	0.0010	2.0320	0.0054	246.83	1032.28	67	0.7480	315.29	CNN-LOH	0.1041
TCGA-EY-A1G8-10A-01D-A13N-01.CEL	F	7	99961194	101818331	1857137	N	Y	223	8	17676	0.1467	nan	1.1009	0.0284	49.45	25.83	-1	0.8571	0.85	Deletion	0.4536
TCGA-GM-A2DH-10C-01D-A17U-01.CEL	F	8	113814946	140613957	26799011	N	Y	8724	2329	7001	0.0296	0.0012	2.2244	0.0075	57.21	157.76	7	0.6165	26.50	Duplication	0.1257
TCGA-CV-7432-10A-01D-2128-01.CEL	M	8	0	146364022	146364022	T	T	40108	10929	8700	0.0549	0.0007	2.4501	0.0040	1837.06	2779.89	148	0.7848	785.76	Duplication	0.2469
TCGA-UZ-A9PJ-10A-01D-A384-01.CEL	M	8	0	146364022	146364022	T	T	40108	10585	8700	0.0767	0.0009	2.6295	0.0053	4554.36	6032.44	74	0.9030	1705.80	Duplication	0.3621
TCGA-CH-5753-10A-01D-1574-01.CEL	M	8	0	6368925	6368925	T	N	3691	43	4595	0.1532	nan	0.8744	0.0053	794.78	110.41	-1	0.7561	2.40	Deletion	0.4690
TCGA-CH-5753-10A-01D-1574-01.CEL	M	8	6369350	8313010	1943660	Y	N	477	15	1095543	0.1595	nan	0.8709	0.0132	120.37	40.14	-1	0.7143	0.56	Deletion	0.4837
TCGA-CH-5753-10A-01D-1574-01.CEL	M	8	8316581	12952230	4635649	Y	N	1796	16	5862	0.1538	nan	0.8558	0.0079	381.47	48.23	-1	1.0000	4.48	Deletion	0.4705
TCGA-CH-5753-10A-01D-1574-01.CEL	M	8	12953849	14480732	1526883	Y	N	720	21	5561	0.1616	nan	0.8996	0.0123	174.23	66.56	-1	0.9500	4.26	Deletion	0.4885
TCGA-CH-5753-10A-01D-1574-01.CEL	M	8	14481233	25954604	11473371	Y	N	4473	53	6070	0.1535	nan	0.8705	0.0049	943.01	138.73	-1	0.7885	3.93	Deletion	0.4697
TCGA-V1-A9OQ-10A-01D-A41M-01.CEL	M	8	0	146364022	146364022	T	T	40108	12704	8700	0.0221	0.0004	2.1751	0.0042	182.62	590.25	84	0.5889	85.84	Duplication	0.0923
TCGA-W3-AA1O-10A-01D-A38I-01.CEL	M	8	0	146364022	146364022	T	T	40108	10794	8700	0.0177	0.0005	2.1601	0.0044	81.57	193.66	50	0.5422	15.46	Duplication	0.0736
TCGA-D7-A74A-10A-21D-A32M-01.CEL	F	8	67353726	146364022	79010296	N	T	20059	5291	8956	0.0282	0.0008	1.9983	0.0045	20.16	310.51	29	0.6146	59.87	CNN-LOH	0.0564
TCGA-HU-8244-10A-01D-2339-01.CEL	F	8	0	146364022	146364022	T	T	40108	9759	8700	0.0525	0.0008	2.3830	0.0045	906.51	1587.42	135	0.7249	428.40	Duplication	0.2346
TCGA-BT-A0S7-10A-01D-A10T-01.CEL	M	9	5097281	7298340	2201059	Y	N	771	215	7544	0.0981	nan	2.5394	0.0494	77.21	73.50	-1	0.7136	8.29	Duplication	0.4881
TCGA-D8-A1Y1-10A-01D-A14J-01.CEL	F	9	0	23762529	23762529	T	N	9591	2799	5961	0.0225	0.0017	1.9967	0.0137	0.55	16.18	12	0.5261	1.35	CNN-LOH	0.0451
TCGA-12-3651-10A-01D-0911-01.CEL	M	9	85162428	109322352	24159924	N	Y	6872	1717	8277	0.0667	0.0020	1.6712	0.0073	404.07	658.37	4	0.8206	165.25	Deletion	0.2355
TCGA-26-5135-10A-01D-1479-01.CEL	F	9	0	36169187	36169187	T	N	13096	181	6687	0.1888	0.0166	2.0270	0.0086	327.36	499.21	13	0.8492	20.62	CNN-LOH	0.3776
TCGA-CV-A45Q-10A-01D-A24E-01.CEL	F	9	71035703	141213431	70177728	N	T	19870	5011	8034	0.0317	0.0008	2.1931	0.0059	143.09	418.56	22	0.6319	72.62	Duplication	0.1354
TCGA-MT-A67D-10A-01D-A30G-01.CEL	M	9	71115991	141213431	70097440	N	T	19840	5284	8035	0.0634	0.0014	2.0274	0.0098	143.07	672.41	53	0.7050	194.78	CNN-LOH	0.1267
TCGA-P5-A72U-10A-01D-A328-01.CEL	F	9	119469941	141213431	21743490	N	T	5196	1340	9376	0.1424	0.0041	1.9857	0.0106	1830.06	2256.33	17	0.9662	316.43	CNN-LOH	0.2848
TCGA-TQ-A7RQ-10A-01D-A33V-01.CEL	F	9	0	26600140	26600140	T	N	10384	2843	6167	0.0689	0.0017	2.0046	0.0092	352.72	826.93	43	0.8127	255.12	CNN-LOH	0.1379
TCGA-05-4403-10A-01D-1204-01.CEL	M	9	0	20254435	20254435	T	N	8548	2317	5733	0.1274	0.0029	2.0510	0.0092	2474.71	3232.08	19	0.9779	589.48	CNN-LOH	0.2547
TCGA-05-4403-10A-01D-1204-01.CEL	M	9	20275640	36530955	16255315	Y	N	4608	1143	8298	0.1117	0.0037	2.0369	0.0123	850.49	1196.69	17	0.9497	244.38	CNN-LOH	0.2234
TCGA-97-8179-10A-01D-2283-01.CEL	M	9	83721515	112382522	28661007	N	Y	8350	2357	8065	0.1390	0.0031	1.3151	0.0049	4147.64	4277.64	13	0.9740	575.77	Deletion	0.4351
TCGA-AG-3578-10A-01D-0819-01.CEL	F	9	71103406	133277039	62173633	N	Y	18249	4992	7781	0.0125	0.0009	2.0794	0.0072	20.08	33.57	8	0.5363	6.04	Duplication	0.0514
TCGA-BM-6198-10A-01D-1732-01.CEL	M	9	0	38771831	38771831	T	N	13849	3460	6775	0.1178	0.0022	2.0235	0.0064	4242.43	5326.38	27	0.9706	833.53	CNN-LOH	0.2355
TCGA-WE-A8K6-10A-01D-A374-01.CEL	M	9	0	32925505	32925505	T	N	12416	3104	6431	0.0135	0.0010	2.0569	0.0070	7.38	28.85	10	0.5154	0.56	Duplication	0.0553
TCGA-XV-A9W5-10A-01D-A38I-01.CEL	M	9	83959411	141213431	57254020	N	T	15791	4264	8232	0.0092	0.0007	2.0980	0.0069	14.42	18.01	11	0.5190	1.12	Duplication	0.0376
TCGA-DJ-A2Q2-10A-01D-A19L-01.CEL	F	9	0	35103722	35103722	T	N	12878	1385	6594	0.1784	0.0057	2.0324	0.0075	4117.41	4548.36	41	0.9601	316.94	CNN-LOH	0.3568
TCGA-AP-A0LQ-10A-01D-A102-01.CEL	F	9	0	32549602	32549602	T	N	12268	3561	6427	0.0912	0.0017	1.9834	0.0067	2088.73	3069.06	33	0.9462	743.26	CNN-LOH	0.1824
TCGA-BK-A139-10A-01D-A120-01.CEL	F	9	0	32909543	32909543	T	N	12412	2880	6431	0.1626	0.0034	2.0505	0.0061	6656.53	7672.29	30	0.9832	755.50	CNN-LOH	0.3251
TCGA-EY-A1G8-10A-01D-A13N-01.CEL	F	9	0	16430783	16430783	T	N	7027	5	5734	0.1700	0.0883	2.0063	0.0089	4.55	15.51	2	0.5000	0.00	CNN-LOH	0.3400
TCGA-DK-A1A3-10A-01D-A13V-01.CEL	M	10	50287798	135534747	85246949	N	T	24723	6613	7811	0.0186	0.0007	1.9822	0.0063	2.61	142.23	22	0.5400	8.39	CNN-LOH	0.0372
TCGA-GL-8500-10A-01D-2392-01.CEL	M	10	95452132	135534747	40082615	N	T	12092	3192	7494	0.0209	0.0009	2.1806	0.0077	32.35	103.39	15	0.5807	16.51	Duplication	0.0871
TCGA-CS-6669-10A-01D-1892-01.CEL	F	10	113111516	135534747	22423231	N	T	7522	1964	6721	0.0177	0.0012	1.8327	0.0078	18.53	32.48	13	0.5418	3.25	Deletion	0.0685
TCGA-86-8281-10A-01D-2283-01.CEL	M	10	0	34704074	34704074	T	N	12436	3408	6436	0.0507	0.0012	2.0065	0.0059	200.48	735.57	20	0.7704	227.76	CNN-LOH	0.1014
TCGA-D8-A73U-10A-21D-A33G-01.CEL	F	11	60583922	135006516	74422594	N	T	20671	5199	8243	0.0073	0.0006	2.0011	0.0056	1.01	13.40	8	0.5191	1.30	CNN-LOH	0.0146
TCGA-E2-A14R-10A-01D-A113-01.CEL	F	11	0	10524606	10524606	T	N	2798	805	9202	0.0556	0.0025	1.9890	0.0144	103.87	245.73	8	0.7977	64.61	CNN-LOH	0.1111
TCGA-AA-3521-10A-01D-0819-01.CEL	M	11	62696417	135006516	72310099	N	T	20211	5477	8177	0.0130	0.0006	2.0002	0.0062	6.57	60.27	21	0.5472	10.02	CNN-LOH	0.0260
TCGA-19-5955-10A-01D-1694-01.CEL	M	11	68231455	135006516	66775061	N	T	19543	5616	7748	0.0224	0.0006	2.0015	0.0043	36.85	306.82	35	0.5992	46.32	CNN-LOH	0.0448
TCGA-CQ-7069-10A-01D-2390-01.CEL	F	11	68149712	70915520	2765808	N	Y	654	244	8797	0.0912	nan	2.2700	0.0426	106.62	60.17	-1	0.6167	2.47	Duplication	0.4461
TCGA-CV-7101-10A-01D-2011-01.CEL	M	11	102848546	109358598	6510052	N	Y	1721	493	8749	0.0283	0.0028	1.8173	0.0153	5.49	22.66	2	0.6216	6.13	Deletion	0.1073
TCGA-2Z-A9J6-10A-01D-A384-01.CEL	M	11	106092299	124153310	18061011	N	Y	5471	1345	7369	0.0182	0.0014	1.8166	0.0140	3.23	19.63	10	0.5649	4.31	Deletion	0.0702
TCGA-UZ-A9PJ-10A-01D-A384-01.CEL	M	11	68367007	135006516	66639509	N	T	19533	5085	7721	0.1507	0.0024	2.0344	0.0057	10963.71	12626.90	45	0.9851	1349.73	CNN-LOH	0.3013
TCGA-55-8621-10A-01D-2389-01.CEL	F	11	0	49124397	49124397	T	N	14460	3967	8152	0.0240	0.0010	1.9983	0.0064	6.42	108.96	16	0.5749	17.53	CNN-LOH	0.0480
TCGA-NK-A5CX-10A-01D-A26J-01.CEL	M	11	65917084	135006516	69089432	N	T	19759	5045	7986	0.1036	0.0019	2.0226	0.0111	508.88	1379.01	60	0.8083	442.99	CNN-LOH	0.2071
TCGA-UT-A88D-10A-01D-A39T-01.CEL	M	11	65506822	135006516	69499694	N	T	19832	5632	8007	0.0313	0.0009	1.9757	0.0069	14.95	270.80	29	0.6044	51.84	CNN-LOH	0.0627
TCGA-13-0760-10A-01D-0356-01.CEL	F	11	0	42893654	42893654	T	N	13084	3549	7821	0.0132	0.0008	2.0203	0.0075	0.65	35.71	10	0.5394	4.04	CNN-LOH	0.0264
TCGA-QR-A705-10A-01D-A35A-01.CEL	F	11	0	49373652	49373652	T	N	14488	4006	8183	0.0294	0.0009	2.0020	0.0074	25.60	233.80	26	0.6200	50.95	CNN-LOH	0.0588
TCGA-DC-4745-10A-01D-1732-01.CEL	F	11	0	17427901	17427901	T	N	5200	1498	8445	0.0177	0.0013	2.0143	0.0100	1.03	31.79	7	0.5564	4.04	CNN-LOH	0.0355
TCGA-F5-6702-10A-01D-1825-01.CEL	M	11	59826115	135006516	75180401	N	T	20867	5892	8241	0.0229	0.0010	2.0250	0.0073	16.43	65.54	31	0.5609	16.56	CNN-LOH	0.0459
TCGA-DX-A2IZ-10A-01D-A21P-01.CEL	M	11	2234169	4049129	1814960	Y	N	353	28	11548	0.1619	nan	1.0062	0.0189	81.16	39.78	-1	0.8519	3.14	Deletion	0.4893
TCGA-DX-A2IZ-10A-01D-A21P-01.CEL	M	11	9963166	12433635	2470469	Y	N	1103	67	5477	0.1816	nan	1.0086	0.0108	256.29	141.34	-1	0.9846	17.09	Deletion	0.5329
TCGA-DX-A2IZ-10A-01D-A21P-01.CEL	M	11	33353522	35422796	2069274	Y	N	828	69	5520	0.1776	nan	1.0361	0.0134	212.97	112.01	-1	0.8308	6.57	Deletion	0.5241
TCGA-D9-A4Z6-10A-01D-A25P-01.CEL	M	11	69699980	135006516	65306536	N	T	19180	5035	7704	0.0178	0.0007	1.9686	0.0049	5.63	90.98	28	0.5460	7.80	CNN-LOH	0.0355
TCGA-VQ-A91A-10A-01D-A412-01.CEL	M	11	75086670	135006516	59919846	N	T	18128	4763	7463	0.0148	0.0007	2.0159	0.0063	6.68	50.09	23	0.5464	8.84	CNN-LOH	0.0297
TCGA-EM-A3O8-10A-01D-A21Y-01.CEL	F	11	0	9679183	9679183	T	N	2582	759	9105	0.0732	0.0032	1.9976	0.0126	169.70	343.32	11	0.8763	102.98	CNN-LOH	0.1464
TCGA-AO-A0JM-10A-01D-A059-01.CEL	F	12	72827314	133851895	61024581	N	T	16405	4789	8485	0.0092	0.0007	2.0061	0.0055	0.02	30.18	6	0.5243	2.25	CNN-LOH	0.0183
TCGA-AQ-A0Y5-10A-01D-A14J-01.CEL	F	12	0	133851895	133851895	T	T	34860	8867	8952	0.0219	0.0006	2.1575	0.0048	74.63	249.56	35	0.5654	32.96	Duplication	0.0915
TCGA-AA-3516-10A-01D-0824-01.CEL	F	12	50764711	133851895	83087184	N	T	22010	5971	8670	0.0093	0.0007	1.9773	0.0053	0.68	21.11	10	0.5237	2.16	Undetermined	0.0373
TCGA-14-1453-10A-01D-0517-01.CEL	M	12	0	133851895	133851895	T	T	34860	9003	8952	0.0077	0.0005	2.0633	0.0048	14.54	20.82	16	0.5151	1.22	Duplication	0.0311
TCGA-FG-5964-10A-01D-1704-01.CEL	M	12	0	133851895	133851895	T	T	34860	9279	8952	0.0076	0.0005	2.0517	0.0037	10.14	15.50	17	0.5149	1.32	Duplication	0.0308
TCGA-S9-A89V-10A-01D-A366-01.CEL	M	12	0	133851895	133851895	T	T	34860	9576	8952	0.0140	0.0006	2.1014	0.0062	15.00	47.31	42	0.5367	9.40	Duplication	0.0574
TCGA-2Y-A9H7-10A-01D-A38W-01.CEL	F	12	0	133851895	133851895	T	T	34860	9468	8952	0.0181	0.0005	2.1262	0.0061	24.37	184.49	48	0.5566	23.19	Duplication	0.0752
TCGA-44-6776-10A-01D-1854-01.CEL	F	12	0	133851895	133851895	T	T	34860	9427	8952	0.0178	0.0006	2.1387	0.0054	30.82	84.99	45	0.5363	9.83	Duplication	0.0739
TCGA-91-6840-10A-01D-1944-01.CEL	F	12	56935652	133851895	76916243	N	T	20592	5736	8532	0.0231	0.0007	2.1731	0.0059	80.36	219.32	32	0.5713	24.08	Duplication	0.0967
TCGA-13-0757-10A-01D-0356-01.CEL	F	12	118725733	133851895	15126162	N	T	4389	1184	7932	0.0405	0.0019	2.0319	0.0144	37.89	157.17	5	0.6567	22.68	CNN-LOH	0.0810
TCGA-25-1870-10A-01D-0648-01.CEL	F	12	0	133851895	133851895	T	T	34860	9162	8952	0.0177	0.0007	2.1339	0.0062	34.26	82.42	35	0.5246	4.19	Duplication	0.0734
TCGA-RT-A6Y9-10B-01D-A35A-01.CEL	F	12	0	133851895	133851895	T	T	34860	9117	8952	0.0372	0.0008	2.2414	0.0054	185.20	561.75	65	0.6187	106.40	Duplication	0.1608
TCGA-EI-7002-10A-01D-1923-01.CEL	M	12	77142817	133851895	56709078	N	T	15444	4374	8387	0.0138	0.0008	1.9983	0.0065	0.17	46.24	13	0.5267	2.24	CNN-LOH	0.0276
TCGA-DX-AB2W-10A-01D-A38Y-01.CEL	F	12	0	133851895	133851895	T	T	34860	9470	8952	0.0463	0.0007	2.3636	0.0055	792.75	1613.00	78	0.7284	426.15	Duplication	0.2042
TCGA-BJ-A3PU-10A-01D-A21Y-01.CEL	M	12	0	133851895	133851895	T	T	34860	9587	8952	0.0103	0.0004	2.0785	0.0036	7.03	64.12	27	0.5130	1.19	Duplication	0.0419
TCGA-ET-A39I-10A-01D-A19L-01.CEL	F	12	0	133851895	133851895	T	T	34860	8734	8952	0.0391	0.0007	2.2526	0.0040	490.77	1081.81	33	0.6653	204.43	Duplication	0.1697
TCGA-AP-A051-10A-01D-A00X-01.CEL	F	12	0	133851895	133851895	T	T	34860	9575	8952	0.0051	0.0005	2.0000	0.0045	2.24	19.18	4	0.5011	0.09	CNN-LOH	0.0103
TCGA-AR-A0TU-10A-01D-A107-01.CEL	F	13	21433107	115169878	93736771	N	T	27627	7410	7832	0.0271	0.0007	2.0013	0.0048	24.18	378.02	37	0.5892	50.04	CNN-LOH	0.0542
TCGA-E2-A15G-10A-01D-A12A-01.CEL	F	13	19000000	50531767	31531767	N	Y	9935	2648	7286	0.1248	0.0026	2.0269	0.0102	2066.41	2855.41	28	0.9626	606.10	CNN-LOH	0.2496
TCGA-E2-A15G-10A-01D-A12A-01.CEL	F	13	51452751	115169878	63717127	N	T	17929	4385	8155	0.1245	0.0021	2.0211	0.0073	3433.24	4670.29	56	0.9527	948.44	CNN-LOH	0.2490
TCGA-C5-A1MK-10A-01D-A14V-01.CEL	F	13	21509541	30797291	9287750	N	Y	3380	876	6329	0.0769	0.0034	2.0082	0.0151	118.05	254.29	14	0.7903	67.00	CNN-LOH	0.1539
TCGA-C5-A1MK-10A-01D-A14V-01.CEL	F	13	30884562	50610270	19725708	N	Y	6053	1505	7553	0.1217	0.0035	2.0409	0.0112	730.17	1184.99	17	0.9486	318.35	CNN-LOH	0.2433
TCGA-C5-A1MK-10A-01D-A14V-01.CEL	F	13	51388960	115169878	63780918	N	T	17940	4235	8161	0.1244	0.0021	2.0217	0.0064	2233.91	3516.54	36	0.9516	912.49	CNN-LOH	0.2488
TCGA-AA-A00Z-10A-01D-A003-01.CEL	M	13	50444271	51658182	1213911	N	Y	310	64	8256	0.1060	0.0150	0.9420	0.0269	59.21	65.70	0	0.9683	14.96	Deletion	0.3499
TCGA-UZ-A9PK-10A-01D-A384-01.CEL	M	13	31742232	72917973	41175741	N	Y	10839	2790	8610	0.0372	0.0013	1.8001	0.0084	65.31	242.45	18	0.6388	46.29	Deletion	0.1385
TCGA-UZ-A9PO-10A-01D-A384-01.CEL	M	13	48849803	52223199	3373396	N	Y	758	212	9442	0.0534	0.0048	1.6418	0.0247	30.92	65.81	0	0.8278	20.84	Deletion	0.1929
TCGA-05-4250-10A-01D-1877-01.CEL	F	13	49853952	52455530	2601578	N	Y	628	32	8509	0.1526	nan	0.9987	0.0140	169.53	91.30	-1	0.9032	5.12	Deletion	0.4677
TCGA-05-4403-10A-01D-1204-01.CEL	M	13	21168493	115169878	94001385	N	T	27682	7259	7832	0.0210	0.0006	2.0052	0.0049	21.74	199.62	36	0.5608	23.99	CNN-LOH	0.0419
TCGA-3U-A98D-10A-01D-A39T-01.CEL	M	13	30056562	60078423	30021861	N	Y	8424	2145	8214	0.0176	0.0011	1.9126	0.0089	5.03	44.95	9	0.5570	6.09	Deletion	0.0681
TCGA-25-1877-10A-01D-0648-01.CEL	M	13	39540007	73742917	34202910	N	Y	8578	2173	9081	0.0304	0.0014	1.8352	0.0104	12.46	92.95	13	0.5810	11.38	Deletion	0.1146
TCGA-AG-3578-10A-01D-0819-01.CEL	F	13	47996460	115169878	67173418	N	T	18728	4841	8239	0.0134	0.0009	2.0194	0.0066	7.95	33.18	11	0.5044	0.13	CNN-LOH	0.0269
TCGA-AG-3586-10A-01D-0819-01.CEL	F	13	51945741	115169878	63224137	N	T	17785	4817	8165	0.0092	0.0007	2.0072	0.0057	3.06	18.31	9	0.5199	0.98	CNN-LOH	0.0184
TCGA-DX-AB2V-10A-01D-A419-01.CEL	M	13	46035870	52492525	6456655	N	Y	1757	451	8343	0.1053	0.0055	1.3946	0.0142	364.68	432.75	3	0.9348	87.29	Deletion	0.3478
TCGA-CG-4449-10A-01D-1155-01.CEL	M	13	20727298	115169878	94442580	N	T	27850	7227	7811	0.0308	0.0007	2.0089	0.0054	68.95	455.10	43	0.6066	69.40	CNN-LOH	0.0615
TCGA-EM-A22M-10A-01D-A17S-01.CEL	M	13	21907126	115169878	93262752	N	T	27516	7057	7821	0.0192	0.0007	1.8735	0.0041	50.99	90.00	47	0.5485	13.13	Deletion	0.0738
TCGA-A5-A2K4-10B-01D-A18N-01.CEL	F	13	21854854	46627439	24772585	N	Y	8306	1914	6765	0.1316	0.0033	2.0342	0.0100	1894.30	2491.39	18	0.9705	459.91	CNN-LOH	0.2633
TCGA-A5-A2K4-10B-01D-A18N-01.CEL	F	13	46638826	50794492	4155666	N	Y	1079	276	9226	0.1547	0.0101	2.0941	0.0342	429.72	510.27	3	0.9665	63.52	CNN-LOH	0.3095
TCGA-A5-A2K4-10B-01D-A18N-01.CEL	F	13	51418946	115169878	63750932	N	T	17935	4479	8161	0.1523	0.0024	2.0402	0.0065	6504.30	7997.12	30	0.9816	1156.38	CNN-LOH	0.3045
TCGA-BG-A0YV-10A-01D-A10L-01.CEL	F	13	49789164	51577575	1788411	N	Y	402	105	9081	0.1147	0.0122	1.4386	0.0295	99.80	121.38	0	0.9808	26.92	Deletion	0.3731
TCGA-E7-A7DU-10A-01D-A328-01.CEL	M	14	75930617	107349540	31418923	N	T	8683	2314	8352	0.0243	0.0013	1.9721	0.0083	2.76	56.34	15	0.5581	6.80	CNN-LOH	0.0486
TCGA-E2-A2P5-10B-01D-A19X-01.CEL	F	14	20757804	107349540	86591736	N	T	23095	7027	8809	0.0249	0.0007	2.1830	0.0052	112.91	284.54	52	0.5771	33.93	Duplication	0.1050
TCGA-NH-A6GB-10A-01D-A36Z-01.CEL	F	14	20784117	107349540	86565423	N	T	23085	6180	8810	0.0347	0.0007	2.0016	0.0046	159.91	769.51	55	0.6977	210.50	CNN-LOH	0.0694
TCGA-06-0208-10A-01D-0237-01.CEL	F	14	37349785	107349540	69999755	N	T	18490	4881	8839	0.0179	0.0011	1.9943	0.0097	0.95	23.88	17	0.5242	2.27	CNN-LOH	0.0358
TCGA-26-5135-10A-01D-1479-01.CEL	F	14	25170944	96918304	71747360	N	Y	19444	5057	8629	0.1162	0.0018	2.0080	0.0072	3438.85	4857.52	69	0.9520	1081.14	CNN-LOH	0.2324
TCGA-26-5135-10A-01D-1479-01.CEL	F	14	97040579	107349540	10308961	N	T	2341	216	11896	0.1924	0.0147	2.0101	0.0225	579.22	619.76	20	0.8967	32.99	CNN-LOH	0.3847
TCGA-CV-A461-10A-01D-A25X-01.CEL	M	14	60393664	80584701	20191037	N	Y	5409	1424	8614	0.0208	0.0014	1.8726	0.0102	7.70	54.69	3	0.5710	5.60	Deletion	0.0799
TCGA-HE-A5NJ-10A-01D-A26O-01.CEL	M	14	35150615	107349540	72198925	N	T	19064	4716	8858	0.0869	0.0018	1.9895	0.0124	204.85	706.84	85	0.7259	210.04	CNN-LOH	0.1738
TCGA-97-7553-10A-01D-2035-01.CEL	F	14	20698504	107349540	86651036	N	T	23107	6053	8810	0.0718	0.0011	2.0094	0.0040	1328.47	2661.87	91	0.8562	733.40	CNN-LOH	0.1436
TCGA-97-A4M7-10A-01D-A24O-01.CEL	M	14	29074127	107349540	78275413	N	T	20753	5308	8840	0.0128	0.0008	1.9985	0.0051	0.87	34.29	15	0.5400	8.37	CNN-LOH	0.0256
TCGA-34-5927-10A-01D-1816-01.CEL	F	14	22575578	107349540	84773962	N	T	22480	6040	8874	0.0501	0.0010	1.9998	0.0052	285.02	981.26	73	0.7216	258.35	CNN-LOH	0.1002
TCGA-56-A4ZJ-10A-01D-A25M-01.CEL	F	14	20951742	107349540	86397798	N	T	23013	6238	8819	0.0102	0.0007	2.0071	0.0058	0.73	20.62	12	0.5207	2.71	CNN-LOH	0.0204
TCGA-13-1484-10A-01D-0472-01.CEL	F	14	22772663	107349540	84576877	N	T	22390	5976	8893	0.0258	0.0007	1.9974	0.0050	42.59	378.22	34	0.6140	63.15	CNN-LOH	0.0517
TCGA-DJ-A3V0-10A-01D-A22Y-01.CEL	M	14	24946041	107349540	82403499	N	T	21859	5760	8868	0.0094	0.0007	2.0066	0.0051	1.16	16.80	10	0.5028	0.02	CNN-LOH	0.0188
TCGA-AJ-A3NG-10A-01D-A229-01.CEL	F	14	53178746	107349540	54170794	N	T	14731	3859	8563	0.0154	0.0008	2.0111	0.0062	6.53	75.25	12	0.5483	6.83	CNN-LOH	0.0309
TCGA-EO-A3AZ-10A-01D-A19X-01.CEL	F	14	33076832	107349540	74272708	N	T	19887	4915	8772	0.0152	0.0008	2.1194	0.0058	23.66	35.58	22	0.5322	4.20	Duplication	0.0629
TCGA-C4-A0EZ-10A-01D-A10T-01.CEL	F	15	34190016	102531392	68341376	N	T	18563	4781	8627	0.0290	0.0009	1.9609	0.0082	37.37	234.51	39	0.5948	32.65	CNN-LOH	0.0580
TCGA-DK-A3IN-10A-01D-A20B-01.CEL	M	15	23004893	102531392	79526499	N	T	21430	5467	8770	0.0246	0.0008	2.3073	0.0071	42.08	155.77	34	0.5936	37.79	Duplication	0.1034
TCGA-06-0171-10A-01D-0237-01.CEL	M	15	27293363	102531392	75238029	N	T	20316	5174	8725	0.0217	0.0011	2.1096	0.0097	10.21	38.05	26	0.5344	6.00	Duplication	0.0909
TCGA-UB-AA0U-10A-01D-A384-01.CEL	M	15	77209200	102531392	25322192	N	T	7590	2091	7819	0.0117	0.0010	1.9995	0.0083	4.31	19.54	6	0.5039	0.03	CNN-LOH	0.0235
TCGA-63-A5MJ-10A-01D-A27M-01.CEL	M	15	94522459	102531392	8008933	N	T	2642	740	6885	0.0424	0.0035	2.3637	0.0405	6.19	25.02	7	0.5798	3.75	Duplication	0.1852
TCGA-ZG-A8QW-10A-01D-A379-01.CEL	M	15	37831026	42618531	4787505	N	Y	1236	276	9256	0.0524	0.0048	1.6954	0.0193	29.65	46.40	3	0.7701	18.21	Deletion	0.1899
TCGA-EB-A41A-10A-01D-A24Q-01.CEL	M	15	24179908	102531392	78351484	N	T	21221	5403	8710	0.0100	0.0006	2.0748	0.0052	15.22	29.17	16	0.5110	0.48	Duplication	0.0408
TCGA-EE-A2A2-10A-01D-A195-01.CEL	M	15	24025547	102531392	78505845	N	T	21291	5531	8704	0.0209	0.0007	2.1675	0.0073	32.68	131.18	30	0.5646	19.24	Duplication	0.0874
TCGA-XV-AB01-10A-01D-A400-01.CEL	F	15	88412825	102531392	14118567	N	T	4685	1360	6906	0.0172	0.0014	2.0036	0.0133	1.22	16.93	10	0.5344	1.24	CNN-LOH	0.0343
TCGA-CD-5803-10A-01D-1599-01.CEL	F	15	90752898	102531392	11778494	N	T	4034	1155	6845	0.0344	0.0017	2.0152	0.0105	17.26	94.92	18	0.6338	17.21	CNN-LOH	0.0688
TCGA-J8-A3YF-10A-01D-A23J-01.CEL	M	15	27828539	102531392	74702853	N	T	20160	5455	8731	0.0123	0.0009	2.0672	0.0066	9.11	17.22	13	0.5147	0.94	Duplication	0.0503
TCGA-CF-A1HS-10A-01D-A13V-01.CEL	F	16	60845184	90354753	29509569	N	T	10194	2557	7233	0.0192	0.0010	2.0277	0.0079	10.71	75.43	13	0.5823	16.50	CNN-LOH	0.0384
TCGA-28-1757-10A-01D-0591-01.CEL	M	16	0	19209719	19209719	T	N	6196	1815	7874	0.0204	0.0017	2.0059	0.0137	3.60	18.96	7	0.5495	3.36	CNN-LOH	0.0407
TCGA-FS-A4F0-10A-01D-A24Q-01.CEL	F	16	47001626	90354753	43353127	N	T	13978	989	7546	0.1908	0.0072	2.0268	0.0058	2793.64	3317.99	64	0.9122	167.42	CNN-LOH	0.3816
TCGA-B6-A2IU-10A-01D-A18N-01.CEL	F	17	47187056	81195210	34008154	N	T	7666	2034	9839	0.0368	0.0013	1.9685	0.0072	57.37	255.14	19	0.6706	50.36	CNN-LOH	0.0737
TCGA-QK-A6IJ-10A-01D-A31I-01.CEL	M	17	46868710	81195210	34326500	N	T	7710	2050	9897	0.0196	0.0013	2.0099	0.0110	6.95	33.76	13	0.5294	1.38	CNN-LOH	0.0392
TCGA-QK-A6VB-10B-01D-A34L-01.CEL	M	17	0	21228043	21228043	T	N	4948	1307	10196	0.0312	0.0018	1.9793	0.0142	18.24	77.52	12	0.6319	18.43	CNN-LOH	0.0623
TCGA-B2-A4SR-10A-01D-A25U-01.CEL	M	17	36065495	81195210	45129715	N	T	9432	3088	10799	0.0129	0.0011	2.0410	0.0089	4.94	20.16	7	0.5234	1.44	Duplication	0.0530
TCGA-5P-A9K0-10A-01D-A42L-01.CEL	M	17	25409526	81195210	55785684	N	T	11628	2851	11133	0.0345	0.0012	2.0091	0.0097	40.68	194.24	32	0.6354	42.71	CNN-LOH	0.0690
TCGA-UT-A97Y-10A-01D-A39T-01.CEL	F	17	54834041	81195210	26361169	N	T	5654	1510	10253	0.0337	0.0016	1.9465	0.0123	34.88	130.17	15	0.6290	21.39	CNN-LOH	0.0675
TCGA-EJ-7330-10A-01D-2112-01.CEL	M	17	0	17625107	17625107	T	N	4565	1173	9110	0.0439	0.0022	2.0063	0.0128	20.85	106.08	17	0.6687	28.23	CNN-LOH	0.0877
TCGA-OR-A5K2-10B-01D-A29K-01.CEL	F	18	0	9000878	9000878	T	N	3129	698	6387	0.1713	0.0069	2.0120	0.0252	585.72	753.56	27	0.9435	142.13	CNN-LOH	0.3427
TCGA-B6-A0IP-10A-01D-A037-01.CEL	F	18	0	78077248	78077248	T	T	21740	5835	8140	0.0252	0.0007	2.1639	0.0070	59.21	229.20	42	0.5979	45.73	Duplication	0.1061
TCGA-AA-3520-10A-01D-0819-01.CEL	F	18	46500936	78077248	31576312	N	T	9673	2246	7351	0.0285	0.0011	1.9958	0.0080	31.85	161.07	21	0.6255	30.75	CNN-LOH	0.0569
TCGA-2Y-A9H7-10A-01D-A38W-01.CEL	F	18	0	78077248	78077248	T	T	21740	5528	8140	0.0173	0.0007	2.1111	0.0076	13.62	81.92	34	0.5616	16.14	Duplication	0.0717
TCGA-13-0804-10A-01D-0356-01.CEL	F	18	21808415	78077248	56268833	N	T	16337	4478	7671	0.0155	0.0009	2.1045	0.0086	1.64	45.54	13	0.5367	4.29	Duplication	0.0641
TCGA-G9-7509-10A-01D-A41M-01.CEL	M	18	0	78077248	78077248	T	T	21740	6145	8140	0.0233	0.0008	2.1276	0.0066	30.67	112.28	37	0.5579	16.44	Duplication	0.0976
TCGA-CG-5717-10A-01D-1599-01.CEL	M	18	49708531	78077248	28368717	N	T	8698	2228	7321	0.0615	0.0017	2.5371	0.0102	624.13	867.29	16	0.8390	242.03	Duplication	0.2805
TCGA-2G-AAEW-10A-01D-A432-01.CEL	M	18	20746728	44600551	23853823	N	Y	6327	97	8264	0.1602	nan	0.8315	0.0046	740.84	166.60	-1	0.8737	12.86	Deletion	0.4852
TCGA-AN-A0XR-10A-01D-A107-01.CEL	F	19	3835177	17513749	13678572	Y	N	2039	592	15058	0.0467	0.0032	1.9300	0.0203	22.60	63.13	7	0.6718	15.85	Undetermined	0.1868
TCGA-AN-A0XT-10A-01D-A107-01.CEL	F	19	0	12925910	12925910	T	N	1581	497	17836	0.0379	0.0035	1.9965	0.0269	4.65	20.26	7	0.6324	7.12	CNN-LOH	0.0757
TCGA-S7-A7WO-10A-01D-A35F-01.CEL	F	19	29850778	59128983	29278205	N	T	5525	1383	12072	0.0223	0.0017	2.0225	0.0135	3.82	26.12	9	0.5549	3.56	CNN-LOH	0.0446
TCGA-BR-8589-10A-01D-2390-01.CEL	M	19	41482742	59128983	17646241	N	T	3251	875	12622	0.0285	0.0026	2.0211	0.0153	0.22	16.04	6	0.5643	3.06	CNN-LOH	0.0570
TCGA-4Z-AA7N-10A-01D-A393-01.CEL	M	20	38047957	43996012	5948055	N	Y	1923	539	6819	0.0245	0.0024	1.9380	0.0185	3.73	26.51	2	0.5766	2.68	Deletion	0.0935
TCGA-FD-A62N-10A-01D-A30G-01.CEL	M	20	31810167	57279854	25469687	N	Y	7560	658	7418	0.1814	nan	1.0453	0.0055	1863.05	1459.39	-1	0.8994	104.24	Deletion	0.5324
TCGA-FD-A62N-10A-01D-A30G-01.CEL	M	20	0	25192049	25192049	T	N	9097	2205	6028	0.0934	0.0023	1.4700	0.0073	983.59	1235.25	70	0.8927	332.70	Deletion	0.3147
TCGA-FD-A62N-10A-01D-A30G-01.CEL	M	20	29537342	63025520	33488178	N	T	9626	520	7674	0.0766	0.0042	2.8141	0.0346	152.30	190.45	14	0.8097	46.04	Duplication	0.3618
TCGA-B6-A1KC-10A-01D-A13N-01.CEL	F	20	36971581	42792685	5821104	N	Y	1906	553	6847	0.0201	0.0023	1.9026	0.0174	6.14	20.24	0	0.5963	4.13	Deletion	0.0774
TCGA-LD-A74U-10A-01D-A33G-01.CEL	F	20	33276750	47289655	14012905	N	Y	3920	892	7895	0.0533	0.0026	1.6648	0.0122	81.96	138.14	17	0.7432	46.16	Deletion	0.1927
TCGA-AZ-4616-10A-01D-1834-01.CEL	F	20	32386270	51763765	19377495	N	Y	5263	1399	7958	0.0183	0.0014	1.8718	0.0103	13.71	37.91	3	0.5624	4.44	Deletion	0.0705
TCGA-CA-6716-10A-01D-1834-01.CEL	M	20	57397566	63025520	5627954	N	T	1658	353	7931	0.0649	0.0048	1.9885	0.0200	27.13	51.75	16	0.7471	19.31	CNN-LOH	0.1297
TCGA-DM-A1D6-10A-01D-A151-01.CEL	M	20	0	25858431	25858431	T	N	9190	849	6150	0.1654	nan	0.9849	0.0044	2877.11	2228.25	-1	0.9265	157.64	Deletion	0.4971
TCGA-DM-A1D6-10A-01D-A151-01.CEL	M	20	25862278	30798668	4936390	Y	Y	161	25	3181292	0.1312	nan	3.5418	0.1386	46.63	43.30	-1	1.0000	7.23	Duplication	0.7114
TCGA-DM-A1D6-10A-01D-A151-01.CEL	M	20	30808888	50826346	20017458	N	Y	5293	451	8224	0.1659	nan	0.9631	0.0057	1621.11	1242.02	-1	0.9488	95.78	Deletion	0.4983
TCGA-DM-A1D6-10A-01D-A151-01.CEL	M	20	50828285	63025520	12197235	N	T	4196	988	6297	0.1375	nan	3.6699	0.0292	1854.89	1814.70	-1	0.9755	246.41	Duplication	0.7584
TCGA-55-7994-10A-01D-2183-01.CEL	M	20	36681910	45404628	8722718	N	Y	2709	683	6931	0.0380	0.0021	1.7507	0.0090	52.61	108.51	5	0.7396	33.32	Deletion	0.1412
TCGA-64-1681-10A-01D-2062-01.CEL	F	20	31391898	37253988	5862090	N	Y	1058	172	11469	0.1330	nan	1.2036	0.0107	411.75	355.67	-1	0.9825	44.67	Deletion	0.4203
TCGA-78-7147-10A-01D-2035-01.CEL	F	20	39271400	51808899	12537499	N	Y	3862	1066	7007	0.0589	0.0025	1.6476	0.0103	120.12	230.06	10	0.7692	69.09	Deletion	0.2107
TCGA-86-8054-10A-01D-2237-01.CEL	M	20	30872269	49172235	18299966	N	Y	4797	1215	8300	0.0681	0.0024	1.5915	0.0084	341.07	491.59	12	0.8417	134.74	Deletion	0.2398
TCGA-NK-A7XE-10A-01D-A400-01.CEL	M	20	31484417	51079271	19594854	N	Y	5236	1606	8105	0.0137	0.0012	1.9716	0.0121	0.29	24.76	2	0.5281	1.06	Deletion	0.0534
TCGA-25-2393-10A-01D-0704-01.CEL	F	20	33078103	43931096	10852993	N	Y	2816	689	8519	0.0227	0.0019	1.8894	0.0153	6.10	32.38	4	0.5929	4.64	Deletion	0.0870
TCGA-IB-7646-10A-01D-2153-01.CEL	M	20	31380201	45110334	13730133	N	Y	3499	952	8389	0.0542	0.0024	1.6262	0.0095	124.75	225.25	6	0.7688	62.81	Deletion	0.1956
TCGA-S7-A7WT-10A-01D-A35F-01.CEL	M	20	30864279	49372943	18508664	N	Y	4836	1113	8324	0.0422	0.0020	1.7848	0.0110	45.23	135.02	10	0.6858	33.67	Deletion	0.1555
TCGA-W2-A7HA-10C-01D-A35F-01.CEL	M	20	34846320	50686797	15840477	N	Y	4568	1356	7528	0.0606	0.0023	1.6675	0.0102	135.33	283.13	15	0.7835	98.38	Deletion	0.2162
TCGA-BM-6198-10A-01D-1732-01.CEL	M	20	35544673	52186784	16642111	N	Y	4988	1211	7175	0.0579	0.0021	1.6261	0.0087	277.38	419.96	11	0.8258	119.54	Deletion	0.2076
TCGA-DX-A23U-10A-01D-A26F-01.CEL	M	20	30651570	47477706	16826136	N	Y	4458	1286	8246	0.0263	0.0020	1.8391	0.0165	1.86	29.28	6	0.5325	0.93	Deletion	0.1000
TCGA-DX-AB2O-10A-01D-A38Y-01.CEL	F	20	31319116	49163235	17844119	N	Y	4738	1351	8189	0.0460	0.0019	1.7074	0.0114	121.69	252.65	9	0.7331	64.40	Deletion	0.1685
TCGA-EE-A3J4-10A-01D-A20B-01.CEL	M	20	30758648	43856024	13097376	N	Y	3227	836	8863	0.0256	0.0022	1.8464	0.0133	2.76	28.20	1	0.5895	5.44	Deletion	0.0974
TCGA-KB-A6F7-10A-01D-A32M-01.CEL	F	20	0	63025520	63025520	T	T	18840	5670	7478	0.0185	0.0007	2.0867	0.0058	32.37	96.93	42	0.5577	15.88	Duplication	0.0769
TCGA-VQ-A8PT-10A-01D-A412-01.CEL	M	20	40422982	46799262	6376280	N	Y	2143	459	6441	0.0511	0.0033	1.7284	0.0160	49.32	89.17	12	0.7351	22.52	Deletion	0.1854
TCGA-AJ-A3OL-10A-01D-A229-01.CEL	F	20	34154741	38269533	4114792	N	Y	847	234	10599	0.0801	0.0061	1.6200	0.0198	79.19	117.72	2	0.9298	43.32	Deletion	0.2762
TCGA-ZF-A9RG-10A-01D-A42G-01.CEL	F	21	16343812	48129895	31786083	N	T	9880	2478	7347	0.0143	0.0011	2.0241	0.0102	5.43	21.33	8	0.5090	0.12	CNN-LOH	0.0285
TCGA-G9-6348-10A-01D-1785-01.CEL	M	21	22103859	48129895	26026036	N	T	8154	2466	7237	0.0129	0.0011	2.0452	0.0098	4.24	23.06	5	0.5164	0.52	Duplication	0.0531
TCGA-D8-A146-10A-01D-A113-01.CEL	F	22	20950328	51304566	30354238	N	T	8325	2132	8619	0.0990	0.0025	2.0440	0.0118	767.61	1257.42	40	0.8982	329.76	CNN-LOH	0.1981
TCGA-D8-A1XC-10A-01D-A14F-01.CEL	F	22	17597297	51304566	33707269	N	T	9059	2260	8665	0.0986	0.0023	2.0414	0.0105	1055.82	1649.65	38	0.9288	424.90	CNN-LOH	0.1972
TCGA-W5-AA39-10A-01D-A419-01.CEL	M	22	21363306	51304566	29941260	N	T	8236	2245	8585	0.0553	0.0017	2.0311	0.0123	116.69	335.01	37	0.7604	135.19	CNN-LOH	0.1106
TCGA-AA-3520-10A-01D-0819-01.CEL	F	22	19283478	51304566	32021088	N	T	8617	2212	8767	0.0149	0.0010	2.0910	0.0095	14.31	43.00	6	0.5490	4.67	Duplication	0.0614
TCGA-AY-4071-10A-01D-1427-01.CEL	F	22	32267042	51304566	19037524	N	T	5457	1313	8005	0.1323	0.0041	1.9852	0.0166	665.64	951.86	38	0.9126	222.53	CNN-LOH	0.2646
TCGA-IG-A3YC-10A-01D-A246-01.CEL	M	22	17313798	51304566	33990768	N	T	9145	2467	8656	0.1050	0.0026	2.0036	0.0102	479.09	973.66	44	0.8744	330.89	CNN-LOH	0.2099
TCGA-V5-AASX-10A-01D-A389-01.CEL	M	22	40791972	51304566	10512594	N	T	3055	828	7782	0.0355	0.0022	2.0104	0.0163	9.46	72.20	7	0.6719	21.45	CNN-LOH	0.0711
TCGA-19-0964-10A-01D-0517-01.CEL	M	22	43354334	51304566	7950232	N	T	2673	672	6802	0.0625	0.0032	2.0016	0.0203	91.80	196.28	7	0.7940	53.53	CNN-LOH	0.1250
TCGA-91-A4BD-10A-01D-A24E-01.CEL	M	22	31992376	51304566	19312190	N	T	5511	1458	8028	0.1159	0.0036	1.9663	0.0181	190.23	452.70	32	0.8544	166.02	CNN-LOH	0.2317
TCGA-77-6842-10A-01D-1943-01.CEL	M	22	19134440	51304566	32170126	N	T	8651	1930	8762	0.1587	0.0038	1.9641	0.0091	2523.67	3054.80	50	0.9426	392.35	CNN-LOH	0.3174
TCGA-3H-AB3U-10A-01D-A39T-01.CEL	M	22	17892618	51304566	33411948	N	T	8968	2430	8702	0.0145	0.0011	2.2487	0.0120	29.13	23.56	12	0.5257	1.17	Duplication	0.0599
TCGA-ER-A3ES-10A-01D-A20B-01.CEL	M	22	18976690	51304566	32327876	N	T	8692	2265	8731	0.0127	0.0010	2.0272	0.0071	5.68	24.65	8	0.5252	1.20	Undetermined	0.0506
TCGA-EM-A22M-10A-01D-A17S-01.CEL	M	22	18486282	51304566	32818284	N	T	8768	2349	8828	0.0181	0.0012	1.8662	0.0077	11.96	30.55	12	0.5594	6.68	Deletion	0.0698
